0.8318117265165348,0.7398519554535536,0.8895881702126753,0.33475349969567864,0.3015915773975154,0.3946027062608055,0.6796510448366808,0.4835535046294675,0.5651009289936046,0.4564820450395618,0.3720730999332361,0.5026362838656118,0.3854737269222966,0.31096477053251437,0.3846256838157007,0.44633799959423814,0.32331970835371643,0.4199197078146161,0.49705822682085615,0.4177958544559649,0.511381341921192,0.5477784540474742,0.398066175785564,0.49069887755532754,0.4159058632582674,0.4616833385833997,0.6129856604350128,0.5680665449381214,0.49309023361735804,0.5582212074153371,0.4564820450395618,0.3667818100961825,0.4849749936938823,1.0651247717589776,0.8979728570812952,1.1857420913293637,0.35504159058632584,0.2809184028242579,0.35762383309839724,0.8115236356258876,0.6786461817953574,0.8397698630690824,0.7303712720632989,0.5725252740528844,0.710800240403999,0.33475349969567864,0.25670761128031505,0.35636216933449744,0.5477784540474742,0.6121797588603769,0.7660003239119646,0.375329681476973,0.2585616373474788,0.3463284151556293,0.43619395414891454,0.377692760175105,0.5219719935345466,0.852099817407182,0.7214421778931028,1.0145271781226377,0.375329681476973,0.3012501636332262,0.40590936374455716,0.5984986812740921,0.46927369643125805,0.5777116946212922,0.5173463177115033,0.39888510854553405,0.48789578624830293,1.2984378170014201,0.9776137828143787,1.228302302206974,0.7202272266179752,0.6590918439948309,0.8658682589261736,0.6593629539460337,0.546794549751064,0.705613807087962,2.3299161230195713,2.0553263595462483,2.4641053462862543,0.27958993476234856,0.1408324457708085,0.1981637122258662,0.0,0.0,0.0,0.27958993476234856,0.0719640179910045,0.08995502248875561,0.0,0.0,0.0,0.0,0.0,0.0,0.0,0.0,0.0,0.0,0.0,0.0,0.0,0.0,0.0,0.0,0.0,0.0,0.65237651444548,0.9549808429118776,1.211338775056916,1.211556383970177,1.2532268380390832,1.4715621148451243,0.27958993476234856,0.12750767473406155,0.13350467623331191,0.1863932898415657,0.08501012651568952,0.1062626581446119,0.8387698042870456,0.6510304406517591,0.8074508863428917,0.9319664492078285,1.0485387657709817,1.4424576907777156,0.1863932898415657,0.26086956521739135,0.2717391304347826,0.9319664492078285,1.0861657477099755,1.3386082201674403,0.27958993476234856,0.21958717610891526,0.24978041282389105,1.5843429636533086,1.2678375237740716,1.6011148815109737,0.1863932898415657,0.06746626686656673,0.0843328335832084,0.09319664492078285,0.09057971014492752,0.09057971014492752,0.09319664492078285,0.08695652173913043,0.14492753623188406,1.95712954333644,2.04110209624319,2.705790095895286,0.3727865796831314,0.23625268705360242,0.26237778240066567,0.65237651444548,0.5782866142686233,0.7188829827510487
0.8318117265165348,0.7398519554535536,0.8895881702126753,0.33475349969567864,0.3015915773975154,0.3946027062608055,0.6796510448366808,0.4835535046294675,0.5651009289936046,0.4564820450395618,0.3720730999332361,0.5026362838656118,0.3854737269222966,0.31096477053251437,0.3846256838157007,0.44633799959423814,0.32331970835371643,0.4199197078146161,0.49705822682085615,0.4177958544559649,0.511381341921192,0.5477784540474742,0.398066175785564,0.49069887755532754,0.4159058632582674,0.4616833385833997,0.6129856604350128,0.5680665449381214,0.49309023361735804,0.5582212074153371,0.4564820450395618,0.3667818100961825,0.4849749936938823,1.0651247717589776,0.8979728570812952,1.1857420913293637,0.35504159058632584,0.2809184028242579,0.35762383309839724,0.8115236356258876,0.6786461817953574,0.8397698630690824,0.7303712720632989,0.5725252740528844,0.710800240403999,0.33475349969567864,0.25670761128031505,0.35636216933449744,0.5477784540474742,0.6121797588603769,0.7660003239119646,0.375329681476973,0.2585616373474788,0.3463284151556293,0.43619395414891454,0.377692760175105,0.5219719935345466,0.852099817407182,0.7214421778931028,1.0145271781226377,0.375329681476973,0.3012501636332262,0.40590936374455716,0.5984986812740921,0.46927369643125805,0.5777116946212922,0.5173463177115033,0.39888510854553405,0.48789578624830293,1.2984378170014201,0.9776137828143787,1.228302302206974,0.7202272266179752,0.6590918439948309,0.8658682589261736,0.6593629539460337,0.546794549751064,0.705613807087962,2.433628318584071,2.239187165811904,3.0437950511325766,0.4424778761061947,0.36324786324786323,0.5608974358974359,0.0,0.0,0.0,0.0,0.0,0.0,0.0,0.0,0.0,0.22123893805309736,0.3418803418803419,0.4273504273504274,0.6637168141592921,0.7391671635857683,0.8593594712780759,0.0,0.0,0.0,1.991150442477876,1.3019017540981366,1.7611904078312344,0.0,0.0,0.0,2.433628318584071,1.089174626910476,2.270892542118957,1.5486725663716814,0.6434306434306435,1.6085766085766087,1.1061946902654867,0.5297854564101944,1.0138805212180473,0.22123893805309736,0.3418803418803419,0.4273504273504274,1.7699115044247788,1.3000292664862896,1.8870910904453881,0.22123893805309736,0.1388888888888889,0.1736111111111111,0.0,0.0,0.0,0.6637168141592921,0.7648873281948219,0.8915096770393929,0.6637168141592921,0.19129019129019129,0.47822547822547823,1.1061946902654867,0.5530683308461086,0.9711481933704157,0.4424778761061947,0.15392015392015393,0.3848003848003848,0.6637168141592921,0.543900543900544,0.9324009324009324,0.22123893805309736,0.1388888888888889,0.1736111111111111,1.1061946902654867,0.665219554108443,1.029937141048252,0.0,0.0,0.0,0.8849557522123894,0.3704951582310073,0.6478049815313965
0.8318117265165348,0.7398519554535536,0.8895881702126753,0.33475349969567864,0.3015915773975154,0.3946027062608055,0.6796510448366808,0.4835535046294675,0.5651009289936046,0.4564820450395618,0.3720730999332361,0.5026362838656118,0.3854737269222966,0.31096477053251437,0.3846256838157007,0.44633799959423814,0.32331970835371643,0.4199197078146161,0.49705822682085615,0.4177958544559649,0.511381341921192,0.5477784540474742,0.398066175785564,0.49069887755532754,0.4159058632582674,0.4616833385833997,0.6129856604350128,0.5680665449381214,0.49309023361735804,0.5582212074153371,0.4564820450395618,0.3667818100961825,0.4849749936938823,1.0651247717589776,0.8979728570812952,1.1857420913293637,0.35504159058632584,0.2809184028242579,0.35762383309839724,0.8115236356258876,0.6786461817953574,0.8397698630690824,0.7303712720632989,0.5725252740528844,0.710800240403999,0.33475349969567864,0.25670761128031505,0.35636216933449744,0.5477784540474742,0.6121797588603769,0.7660003239119646,0.375329681476973,0.2585616373474788,0.3463284151556293,0.43619395414891454,0.377692760175105,0.5219719935345466,0.852099817407182,0.7214421778931028,1.0145271781226377,0.375329681476973,0.3012501636332262,0.40590936374455716,0.5984986812740921,0.46927369643125805,0.5777116946212922,0.5173463177115033,0.39888510854553405,0.48789578624830293,1.2984378170014201,0.9776137828143787,1.228302302206974,0.7202272266179752,0.6590918439948309,0.8658682589261736,0.6593629539460337,0.546794549751064,0.705613807087962,0.0,0.0,0.0,0.0,0.0,0.0,0.0,0.0,0.0,0.6666666666666667,0.6666666666666667,0.8333333333333334,0.0,0.0,0.0,0.0,0.0,0.0,0.6666666666666667,0.6666666666666667,0.8333333333333334,0.0,0.0,0.0,4.666666666666667,2.732928667182908,3.9993255564159567,0.0,0.0,0.0,0.0,0.0,0.0,0.0,0.0,0.0,0.0,0.0,0.0,1.3333333333333335,0.7588739290085679,1.2647898816809464,2.666666666666667,2.4444370431431106,3.456777787954567,0.0,0.0,0.0,0.6666666666666667,0.6666666666666667,0.8333333333333334,0.6666666666666667,1.3333333333333335,1.6666666666666667,2.666666666666667,0.8448030374940673,1.4080050624901121,0.6666666666666667,0.5263157894736841,0.8771929824561403,0.0,0.0,0.0,0.0,0.0,0.0,0.6666666666666667,0.5263157894736841,0.8771929824561403,3.3333333333333335,3.222978080120938,4.198790627362055,1.3333333333333335,0.7588739290085679,1.2647898816809464,1.3333333333333335,0.46511627906976744,0.7751937984496124
0.8318117265165348,0.7398519554535536,0.8895881702126753,0.33475349969567864,0.3015915773975154,0.3946027062608055,0.6796510448366808,0.4835535046294675,0.5651009289936046,0.4564820450395618,0.3720730999332361,0.5026362838656118,0.3854737269222966,0.31096477053251437,0.3846256838157007,0.44633799959423814,0.32331970835371643,0.4199197078146161,0.49705822682085615,0.4177958544559649,0.511381341921192,0.5477784540474742,0.398066175785564,0.49069887755532754,0.4159058632582674,0.4616833385833997,0.6129856604350128,0.5680665449381214,0.49309023361735804,0.5582212074153371,0.4564820450395618,0.3667818100961825,0.4849749936938823,1.0651247717589776,0.8979728570812952,1.1857420913293637,0.35504159058632584,0.2809184028242579,0.35762383309839724,0.8115236356258876,0.6786461817953574,0.8397698630690824,0.7303712720632989,0.5725252740528844,0.710800240403999,0.33475349969567864,0.25670761128031505,0.35636216933449744,0.5477784540474742,0.6121797588603769,0.7660003239119646,0.375329681476973,0.2585616373474788,0.3463284151556293,0.43619395414891454,0.377692760175105,0.5219719935345466,0.852099817407182,0.7214421778931028,1.0145271781226377,0.375329681476973,0.3012501636332262,0.40590936374455716,0.5984986812740921,0.46927369643125805,0.5777116946212922,0.5173463177115033,0.39888510854553405,0.48789578624830293,1.2984378170014201,0.9776137828143787,1.228302302206974,0.7202272266179752,0.6590918439948309,0.8658682589261736,0.6593629539460337,0.546794549751064,0.705613807087962,2.8391167192429023,3.1218906129759283,3.703381599470145,0.06309148264984228,0.18912529550827425,0.2364066193853428,0.5047318611987383,0.527779662821178,0.582579870397722,0.3785488958990536,0.5412897359965013,0.5598672128251376,0.12618296529968456,0.1403560978029063,0.15126717254376829,0.1892744479495268,0.08398719505492881,0.08789115757688859,0.8201892744479496,0.8352336512358495,0.9423926211135031,0.0,0.0,0.0,3.2176656151419554,2.7476344406028224,3.291472216368304,0.12618296529968456,0.10012515644555695,0.1251564455569462,1.0094637223974765,1.4476330401118631,1.539523065333199,1.3249211356466877,1.0994562906971526,1.322641571129848,0.3785488958990536,0.20474114559611342,0.25592643199514176,0.1892744479495268,0.09022209490684993,0.10932362581786746,1.2618296529968454,1.8983913084908168,2.073410343964049,0.0,0.0,0.0,0.1892744479495268,0.11513648012396448,0.12273526431849334,0.2523659305993691,0.09511024966123657,0.11543381926085076,1.451104100946372,1.5429223476914102,1.7126601830198545,0.6309148264984227,0.6597997325383049,0.6904037367790797,0.2523659305993691,0.11991968651834581,0.16467502185951616,0.4416403785488959,0.4597769772988798,0.4965015689358618,0.12618296529968456,0.2182214948172395,0.2182214948172395,2.018927444794953,2.243030933988863,2.4466299911898215,0.3785488958990536,0.11950782091126307,0.13314495026879386,0.694006309148265,0.7598519435025594,1.0442767385656522
0.8318117265165348,0.7398519554535536,0.8895881702126753,0.33475349969567864,0.3015915773975154,0.3946027062608055,0.6796510448366808,0.4835535046294675,0.5651009289936046,0.4564820450395618,0.3720730999332361,0.5026362838656118,0.3854737269222966,0.31096477053251437,0.3846256838157007,0.44633799959423814,0.32331970835371643,0.4199197078146161,0.49705822682085615,0.4177958544559649,0.511381341921192,0.5477784540474742,0.398066175785564,0.49069887755532754,0.4159058632582674,0.4616833385833997,0.6129856604350128,0.5680665449381214,0.49309023361735804,0.5582212074153371,0.4564820450395618,0.3667818100961825,0.4849749936938823,1.0651247717589776,0.8979728570812952,1.1857420913293637,0.35504159058632584,0.2809184028242579,0.35762383309839724,0.8115236356258876,0.6786461817953574,0.8397698630690824,0.7303712720632989,0.5725252740528844,0.710800240403999,0.33475349969567864,0.25670761128031505,0.35636216933449744,0.5477784540474742,0.6121797588603769,0.7660003239119646,0.375329681476973,0.2585616373474788,0.3463284151556293,0.43619395414891454,0.377692760175105,0.5219719935345466,0.852099817407182,0.7214421778931028,1.0145271781226377,0.375329681476973,0.3012501636332262,0.40590936374455716,0.5984986812740921,0.46927369643125805,0.5777116946212922,0.5173463177115033,0.39888510854553405,0.48789578624830293,1.2984378170014201,0.9776137828143787,1.228302302206974,0.7202272266179752,0.6590918439948309,0.8658682589261736,0.6593629539460337,0.546794549751064,0.705613807087962,0.967741935483871,1.2920661537262326,1.31043162663716,0.16129032258064516,0.12759170653907495,0.1594896331738437,0.16129032258064516,0.11922503725782417,0.14903129657228018,0.3225806451612903,0.3700159489633174,0.4625199362041467,0.4838709677419355,0.3827751196172249,0.4784688995215311,0.16129032258064516,0.12987012987012986,0.12987012987012986,0.6451612903225806,0.40408940239160956,0.4359873290263782,0.0,0.0,0.0,0.0,0.0,0.0,0.0,0.0,0.0,0.8064516129032258,0.9685464083183257,1.1022487715288856,0.8064516129032258,1.4027243966847074,1.526132768583157,0.8064516129032258,0.4778475113403343,0.5648418567078854,0.3225806451612903,1.3043478260869565,1.3043478260869565,1.7741935483870968,1.3819591924035284,1.6162370244537347,0.0,0.0,0.0,0.16129032258064516,0.16835016835016833,0.16835016835016833,0.3225806451612903,0.25746183640920484,0.28935976304397354,0.0,0.0,0.0,0.4838709677419355,0.3151258429850805,0.333491315896008,0.3225806451612903,0.2857142857142857,0.38961038961038963,0.3225806451612903,0.37229437229437234,0.4329004329004329,0.0,0.0,0.0,3.870967741935484,4.219588718320351,4.836275401835805,0.16129032258064516,0.16835016835016833,0.16835016835016833,0.967741935483871,1.4274006649373217,1.4457661378482494
0.8318117265165348,0.7398519554535536,0.8895881702126753,0.33475349969567864,0.3015915773975154,0.3946027062608055,0.6796510448366808,0.4835535046294675,0.5651009289936046,0.4564820450395618,0.3720730999332361,0.5026362838656118,0.3854737269222966,0.31096477053251437,0.3846256838157007,0.44633799959423814,0.32331970835371643,0.4199197078146161,0.49705822682085615,0.4177958544559649,0.511381341921192,0.5477784540474742,0.398066175785564,0.49069887755532754,0.4159058632582674,0.4616833385833997,0.6129856604350128,0.5680665449381214,0.49309023361735804,0.5582212074153371,0.4564820450395618,0.3667818100961825,0.4849749936938823,1.0651247717589776,0.8979728570812952,1.1857420913293637,0.35504159058632584,0.2809184028242579,0.35762383309839724,0.8115236356258876,0.6786461817953574,0.8397698630690824,0.7303712720632989,0.5725252740528844,0.710800240403999,0.33475349969567864,0.25670761128031505,0.35636216933449744,0.5477784540474742,0.6121797588603769,0.7660003239119646,0.375329681476973,0.2585616373474788,0.3463284151556293,0.43619395414891454,0.377692760175105,0.5219719935345466,0.852099817407182,0.7214421778931028,1.0145271781226377,0.375329681476973,0.3012501636332262,0.40590936374455716,0.5984986812740921,0.46927369643125805,0.5777116946212922,0.5173463177115033,0.39888510854553405,0.48789578624830293,1.2984378170014201,0.9776137828143787,1.228302302206974,0.7202272266179752,0.6590918439948309,0.8658682589261736,0.6593629539460337,0.546794549751064,0.705613807087962,2.100840336134454,1.1639118457300277,1.2465564738292012,0.0,0.0,0.0,0.42016806722689076,0.11019283746556476,0.13774104683195593,0.0,0.0,0.0,0.0,0.0,0.0,0.0,0.0,0.0,1.2605042016806722,1.7011019283746556,1.728650137741047,1.2605042016806722,1.7011019283746556,1.7286501377410466,0.0,0.0,0.0,0.42016806722689076,0.11019283746556476,0.13774104683195593,0.8403361344537815,1.7424242424242422,1.7424242424242422,0.0,0.0,0.0,0.0,0.0,0.0,0.42016806722689076,0.37878787878787873,0.37878787878787873,0.0,0.0,0.0,0.0,0.0,0.0,0.8403361344537815,0.759543486816214,0.7870916961826053,0.0,0.0,0.0,0.0,0.0,0.0,0.42016806722689076,0.6060606060606061,0.6060606060606061,0.0,0.0,0.0,0.8403361344537815,0.3266430539157812,0.3541912632821724,0.42016806722689076,0.4545454545454546,0.4545454545454546,0.42016806722689076,0.11019283746556476,0.13774104683195593,0.42016806722689076,0.37878787878787873,0.37878787878787873,0.0,0.0,0.0
0.8318117265165348,0.7398519554535536,0.8895881702126753,0.33475349969567864,0.3015915773975154,0.3946027062608055,0.6796510448366808,0.4835535046294675,0.5651009289936046,0.4564820450395618,0.3720730999332361,0.5026362838656118,0.3854737269222966,0.31096477053251437,0.3846256838157007,0.44633799959423814,0.32331970835371643,0.4199197078146161,0.49705822682085615,0.4177958544559649,0.511381341921192,0.5477784540474742,0.398066175785564,0.49069887755532754,0.4159058632582674,0.4616833385833997,0.6129856604350128,0.5680665449381214,0.49309023361735804,0.5582212074153371,0.4564820450395618,0.3667818100961825,0.4849749936938823,1.0651247717589776,0.8979728570812952,1.1857420913293637,0.35504159058632584,0.2809184028242579,0.35762383309839724,0.8115236356258876,0.6786461817953574,0.8397698630690824,0.7303712720632989,0.5725252740528844,0.710800240403999,0.33475349969567864,0.25670761128031505,0.35636216933449744,0.5477784540474742,0.6121797588603769,0.7660003239119646,0.375329681476973,0.2585616373474788,0.3463284151556293,0.43619395414891454,0.377692760175105,0.5219719935345466,0.852099817407182,0.7214421778931028,1.0145271781226377,0.375329681476973,0.3012501636332262,0.40590936374455716,0.5984986812740921,0.46927369643125805,0.5777116946212922,0.5173463177115033,0.39888510854553405,0.48789578624830293,1.2984378170014201,0.9776137828143787,1.228302302206974,0.7202272266179752,0.6590918439948309,0.8658682589261736,0.6593629539460337,0.546794549751064,0.705613807087962,0.0,0.0,0.0,1.8181818181818181,1.3008130081300815,1.6260162601626018,0.0,0.0,0.0,10.0,9.698587933247754,12.123234916559692,0.0,0.0,0.0,0.0,0.0,0.0,0.0,0.0,0.0,0.0,0.0,0.0,0.0,0.0,0.0,0.0,0.0,0.0,0.0,0.0,0.0,0.0,0.0,0.0,0.9090909090909091,0.5333333333333333,0.6666666666666667,0.9090909090909091,0.5333333333333333,0.6666666666666667,0.0,0.0,0.0,0.0,0.0,0.0,1.8181818181818181,1.183739837398374,1.4796747967479673,0.0,0.0,0.0,0.0,0.0,0.0,0.9090909090909091,0.5333333333333333,0.6666666666666667,0.0,0.0,0.0,1.8181818181818181,1.0666666666666667,1.3333333333333335,0.0,0.0,0.0,0.0,0.0,0.0,0.9090909090909091,0.5333333333333333,0.6666666666666667,0.0,0.0,0.0
0.8318117265165348,0.7398519554535536,0.8895881702126753,0.33475349969567864,0.3015915773975154,0.3946027062608055,0.6796510448366808,0.4835535046294675,0.5651009289936046,0.4564820450395618,0.3720730999332361,0.5026362838656118,0.3854737269222966,0.31096477053251437,0.3846256838157007,0.44633799959423814,0.32331970835371643,0.4199197078146161,0.49705822682085615,0.4177958544559649,0.511381341921192,0.5477784540474742,0.398066175785564,0.49069887755532754,0.4159058632582674,0.4616833385833997,0.6129856604350128,0.5680665449381214,0.49309023361735804,0.5582212074153371,0.4564820450395618,0.3667818100961825,0.4849749936938823,1.0651247717589776,0.8979728570812952,1.1857420913293637,0.35504159058632584,0.2809184028242579,0.35762383309839724,0.8115236356258876,0.6786461817953574,0.8397698630690824,0.7303712720632989,0.5725252740528844,0.710800240403999,0.33475349969567864,0.25670761128031505,0.35636216933449744,0.5477784540474742,0.6121797588603769,0.7660003239119646,0.375329681476973,0.2585616373474788,0.3463284151556293,0.43619395414891454,0.377692760175105,0.5219719935345466,0.852099817407182,0.7214421778931028,1.0145271781226377,0.375329681476973,0.3012501636332262,0.40590936374455716,0.5984986812740921,0.46927369643125805,0.5777116946212922,0.5173463177115033,0.39888510854553405,0.48789578624830293,1.2984378170014201,0.9776137828143787,1.228302302206974,0.7202272266179752,0.6590918439948309,0.8658682589261736,0.6593629539460337,0.546794549751064,0.705613807087962,0.2380952380952381,0.25000000000000006,0.625,0.2380952380952381,0.5263157894736842,0.6578947368421052,0.0,0.0,0.0,2.142857142857143,1.3100522336716431,2.685641947815471,0.0,0.0,0.0,0.0,0.0,0.0,0.0,0.0,0.0,0.0,0.0,0.0,0.2380952380952381,0.25000000000000006,0.625,0.2380952380952381,0.08333333333333334,0.10416666666666667,0.0,0.0,0.0,1.4285714285714286,0.5296512409861676,0.9264008297381462,0.0,0.0,0.0,0.2380952380952381,0.11363636363636363,0.1893939393939394,0.0,0.0,0.0,0.0,0.0,0.0,0.0,0.0,0.0,0.0,0.0,0.0,0.4761904761904762,0.22727272727272727,0.3787878787878788,0.7142857142857143,0.9870049504950495,1.6862623762376239,0.2380952380952381,0.5263157894736842,0.6578947368421052,0.4761904761904762,0.16666666666666669,0.20833333333333334,0.4761904761904762,0.3362068965517242,0.8405172413793103,0.9523809523809524,0.36938349007314525,0.7245950888192267,0.2380952380952381,0.08620689655172414,0.21551724137931033,0.2380952380952381,0.11363636363636363,0.1893939393939394
0.8318117265165348,0.7398519554535536,0.8895881702126753,0.33475349969567864,0.3015915773975154,0.3946027062608055,0.6796510448366808,0.4835535046294675,0.5651009289936046,0.4564820450395618,0.3720730999332361,0.5026362838656118,0.3854737269222966,0.31096477053251437,0.3846256838157007,0.44633799959423814,0.32331970835371643,0.4199197078146161,0.49705822682085615,0.4177958544559649,0.511381341921192,0.5477784540474742,0.398066175785564,0.49069887755532754,0.4159058632582674,0.4616833385833997,0.6129856604350128,0.5680665449381214,0.49309023361735804,0.5582212074153371,0.4564820450395618,0.3667818100961825,0.4849749936938823,1.0651247717589776,0.8979728570812952,1.1857420913293637,0.35504159058632584,0.2809184028242579,0.35762383309839724,0.8115236356258876,0.6786461817953574,0.8397698630690824,0.7303712720632989,0.5725252740528844,0.710800240403999,0.33475349969567864,0.25670761128031505,0.35636216933449744,0.5477784540474742,0.6121797588603769,0.7660003239119646,0.375329681476973,0.2585616373474788,0.3463284151556293,0.43619395414891454,0.377692760175105,0.5219719935345466,0.852099817407182,0.7214421778931028,1.0145271781226377,0.375329681476973,0.3012501636332262,0.40590936374455716,0.5984986812740921,0.46927369643125805,0.5777116946212922,0.5173463177115033,0.39888510854553405,0.48789578624830293,1.2984378170014201,0.9776137828143787,1.228302302206974,0.7202272266179752,0.6590918439948309,0.8658682589261736,0.6593629539460337,0.546794549751064,0.705613807087962,2.564102564102564,1.86320644338451,2.692247502056551,0.4048582995951417,0.36099773242630384,0.564625850340136,0.0,0.0,0.0,0.1349527665317139,0.09696969696969697,0.12121212121212122,0.0,0.0,0.0,0.1349527665317139,0.06666666666666668,0.16666666666666669,0.6747638326585695,0.48472237379800404,0.6399165726896818,0.0,0.0,0.0,1.8893387314439947,1.3727058839527817,1.8292610397482332,0.0,0.0,0.0,0.4048582995951417,0.2158730158730159,0.2698412698412698,0.5398110661268556,0.42518572646449887,0.5314821580806236,0.2699055330634278,0.1157796451914099,0.14472455648926236,0.5398110661268556,0.5475256769374415,0.8907563025210085,1.484480431848853,1.1488781710494382,1.6001188778329618,0.2699055330634278,0.22035480859010273,0.27544351073762835,0.0,0.0,0.0,0.2699055330634278,0.23124477861319964,0.30743525480367584,1.0796221322537112,0.7300758329773233,1.0752932039200669,0.8097165991902834,0.6060286383418935,0.7945728349644039,0.5398110661268556,0.5386800334168755,0.7418546365914787,0.2699055330634278,0.16363636363636366,0.28787878787878785,0.2699055330634278,0.19591836734693877,0.32653061224489793,2.0242914979757085,1.315659471730176,1.829948489322584,0.1349527665317139,0.08888888888888889,0.14814814814814817,0.4048582995951417,0.42897158863545415,0.649593170601574
0.8318117265165348,0.7398519554535536,0.8895881702126753,0.33475349969567864,0.3015915773975154,0.3946027062608055,0.6796510448366808,0.4835535046294675,0.5651009289936046,0.4564820450395618,0.3720730999332361,0.5026362838656118,0.3854737269222966,0.31096477053251437,0.3846256838157007,0.44633799959423814,0.32331970835371643,0.4199197078146161,0.49705822682085615,0.4177958544559649,0.511381341921192,0.5477784540474742,0.398066175785564,0.49069887755532754,0.4159058632582674,0.4616833385833997,0.6129856604350128,0.5680665449381214,0.49309023361735804,0.5582212074153371,0.4564820450395618,0.3667818100961825,0.4849749936938823,1.0651247717589776,0.8979728570812952,1.1857420913293637,0.35504159058632584,0.2809184028242579,0.35762383309839724,0.8115236356258876,0.6786461817953574,0.8397698630690824,0.7303712720632989,0.5725252740528844,0.710800240403999,0.33475349969567864,0.25670761128031505,0.35636216933449744,0.5477784540474742,0.6121797588603769,0.7660003239119646,0.375329681476973,0.2585616373474788,0.3463284151556293,0.43619395414891454,0.377692760175105,0.5219719935345466,0.852099817407182,0.7214421778931028,1.0145271781226377,0.375329681476973,0.3012501636332262,0.40590936374455716,0.5984986812740921,0.46927369643125805,0.5777116946212922,0.5173463177115033,0.39888510854553405,0.48789578624830293,1.2984378170014201,0.9776137828143787,1.228302302206974,0.7202272266179752,0.6590918439948309,0.8658682589261736,0.6593629539460337,0.546794549751064,0.705613807087962,1.4519056261343013,2.015138764887039,2.015138764887039,0.18148820326678766,0.6535947712418301,0.6535947712418301,0.18148820326678766,0.6535947712418301,0.6535947712418301,0.18148820326678766,0.07993605115907275,0.07993605115907275,0.3629764065335753,0.1981393608517441,0.1981393608517441,0.18148820326678766,0.1182033096926714,0.1182033096926714,0.7259528130671506,0.5098303621979179,0.539860392227948,0.0,0.0,0.0,0.0,0.0,0.0,0.5444646098003629,0.23980815347721826,0.23980815347721826,0.0,0.0,0.0,0.18148820326678766,0.07993605115907275,0.07993605115907275,0.0,0.0,0.0,0.3629764065335753,0.7187257187257188,0.7187257187257188,1.6333938294010888,1.340324371631491,1.5218695531766726,0.5444646098003629,1.0630305762151606,1.0630305762151606,0.3629764065335753,0.30977419091872505,0.30977419091872505,0.3629764065335753,0.3360682334399481,0.3360682334399481,0.0,0.0,0.0,1.0889292196007259,0.7737068788653053,0.8242119293703559,0.3629764065335753,0.3337953337953338,0.36382536382536385,0.3629764065335753,0.1598721023181455,0.1598721023181455,0.5444646098003629,0.356526739505463,0.38655676953549295,1.6333938294010888,1.1638019873925647,1.283922107512685,1.0889292196007259,0.6326853410888311,0.6326853410888311,0.0,0.0,0.0
0.8318117265165348,0.7398519554535536,0.8895881702126753,0.33475349969567864,0.3015915773975154,0.3946027062608055,0.6796510448366808,0.4835535046294675,0.5651009289936046,0.4564820450395618,0.3720730999332361,0.5026362838656118,0.3854737269222966,0.31096477053251437,0.3846256838157007,0.44633799959423814,0.32331970835371643,0.4199197078146161,0.49705822682085615,0.4177958544559649,0.511381341921192,0.5477784540474742,0.398066175785564,0.49069887755532754,0.4159058632582674,0.4616833385833997,0.6129856604350128,0.5680665449381214,0.49309023361735804,0.5582212074153371,0.4564820450395618,0.3667818100961825,0.4849749936938823,1.0651247717589776,0.8979728570812952,1.1857420913293637,0.35504159058632584,0.2809184028242579,0.35762383309839724,0.8115236356258876,0.6786461817953574,0.8397698630690824,0.7303712720632989,0.5725252740528844,0.710800240403999,0.33475349969567864,0.25670761128031505,0.35636216933449744,0.5477784540474742,0.6121797588603769,0.7660003239119646,0.375329681476973,0.2585616373474788,0.3463284151556293,0.43619395414891454,0.377692760175105,0.5219719935345466,0.852099817407182,0.7214421778931028,1.0145271781226377,0.375329681476973,0.3012501636332262,0.40590936374455716,0.5984986812740921,0.46927369643125805,0.5777116946212922,0.5173463177115033,0.39888510854553405,0.48789578624830293,1.2984378170014201,0.9776137828143787,1.228302302206974,0.7202272266179752,0.6590918439948309,0.8658682589261736,0.6593629539460337,0.546794549751064,0.705613807087962,0.9345794392523363,0.7692307692307692,1.282051282051282,0.0,0.0,0.0,0.0,0.0,0.0,0.0,0.0,0.0,0.0,0.0,0.0,0.0,0.0,0.0,0.46728971962616817,0.3846153846153846,0.641025641025641,0.0,0.0,0.0,3.2710280373831773,2.2017255281406225,3.419891952910821,0.0,0.0,0.0,0.9345794392523363,0.2777777777777778,0.6944444444444444,0.9345794392523363,0.5235042735042734,0.9882478632478632,1.4018691588785046,0.4166666666666667,1.0416666666666665,0.46728971962616817,0.1388888888888889,0.3472222222222222,1.8691588785046727,1.5619738751814223,2.1127237542331883,0.9345794392523363,0.5235042735042734,0.9882478632478632,0.0,0.0,0.0,1.4018691588785046,1.2,1.5,0.9345794392523363,0.5162473794549266,0.8189203354297694,0.9345794392523363,0.7619738751814222,1.1127237542331883,0.0,0.0,0.0,0.0,0.0,0.0,0.46728971962616817,0.4,0.5,4.205607476635514,2.218392194807289,3.9615586195774877,0.0,0.0,0.0,2.803738317757009,2.264150943396227,2.8301886792452833
0.8318117265165348,0.7398519554535536,0.8895881702126753,0.33475349969567864,0.3015915773975154,0.3946027062608055,0.6796510448366808,0.4835535046294675,0.5651009289936046,0.4564820450395618,0.3720730999332361,0.5026362838656118,0.3854737269222966,0.31096477053251437,0.3846256838157007,0.44633799959423814,0.32331970835371643,0.4199197078146161,0.49705822682085615,0.4177958544559649,0.511381341921192,0.5477784540474742,0.398066175785564,0.49069887755532754,0.4159058632582674,0.4616833385833997,0.6129856604350128,0.5680665449381214,0.49309023361735804,0.5582212074153371,0.4564820450395618,0.3667818100961825,0.4849749936938823,1.0651247717589776,0.8979728570812952,1.1857420913293637,0.35504159058632584,0.2809184028242579,0.35762383309839724,0.8115236356258876,0.6786461817953574,0.8397698630690824,0.7303712720632989,0.5725252740528844,0.710800240403999,0.33475349969567864,0.25670761128031505,0.35636216933449744,0.5477784540474742,0.6121797588603769,0.7660003239119646,0.375329681476973,0.2585616373474788,0.3463284151556293,0.43619395414891454,0.377692760175105,0.5219719935345466,0.852099817407182,0.7214421778931028,1.0145271781226377,0.375329681476973,0.3012501636332262,0.40590936374455716,0.5984986812740921,0.46927369643125805,0.5777116946212922,0.5173463177115033,0.39888510854553405,0.48789578624830293,1.2984378170014201,0.9776137828143787,1.228302302206974,0.7202272266179752,0.6590918439948309,0.8658682589261736,0.6593629539460337,0.546794549751064,0.705613807087962,1.098901098901099,0.48484848484848486,0.6060606060606061,0.0,0.0,0.0,0.5494505494505495,0.24242424242424243,0.30303030303030304,0.0,0.0,0.0,0.0,0.0,0.0,1.098901098901099,0.8350168350168351,1.043771043771044,0.5494505494505495,0.5925925925925926,0.7407407407407408,1.098901098901099,1.1851851851851851,1.4814814814814816,0.5494505494505495,0.9876543209876543,1.2345679012345678,11.538461538461538,8.682379349046016,10.85297418630752,0.0,0.0,0.0,0.5494505494505495,0.9876543209876543,1.2345679012345678,0.0,0.0,0.0,0.0,0.0,0.0,3.296703296703297,2.549943883277217,3.1874298540965205,0.0,0.0,0.0,0.0,0.0,0.0,0.0,0.0,0.0,0.0,0.0,0.0,1.098901098901099,0.48484848484848486,0.6060606060606061,0.0,0.0,0.0,1.6483516483516485,1.4725028058361391,1.840628507295174,0.0,0.0,0.0,0.5494505494505495,0.24242424242424243,0.30303030303030304,2.7472527472527473,2.3075196408529743,2.8843995510662177,0.0,0.0,0.0
0.8318117265165348,0.7398519554535536,0.8895881702126753,0.33475349969567864,0.3015915773975154,0.3946027062608055,0.6796510448366808,0.4835535046294675,0.5651009289936046,0.4564820450395618,0.3720730999332361,0.5026362838656118,0.3854737269222966,0.31096477053251437,0.3846256838157007,0.44633799959423814,0.32331970835371643,0.4199197078146161,0.49705822682085615,0.4177958544559649,0.511381341921192,0.5477784540474742,0.398066175785564,0.49069887755532754,0.4159058632582674,0.4616833385833997,0.6129856604350128,0.5680665449381214,0.49309023361735804,0.5582212074153371,0.4564820450395618,0.3667818100961825,0.4849749936938823,1.0651247717589776,0.8979728570812952,1.1857420913293637,0.35504159058632584,0.2809184028242579,0.35762383309839724,0.8115236356258876,0.6786461817953574,0.8397698630690824,0.7303712720632989,0.5725252740528844,0.710800240403999,0.33475349969567864,0.25670761128031505,0.35636216933449744,0.5477784540474742,0.6121797588603769,0.7660003239119646,0.375329681476973,0.2585616373474788,0.3463284151556293,0.43619395414891454,0.377692760175105,0.5219719935345466,0.852099817407182,0.7214421778931028,1.0145271781226377,0.375329681476973,0.3012501636332262,0.40590936374455716,0.5984986812740921,0.46927369643125805,0.5777116946212922,0.5173463177115033,0.39888510854553405,0.48789578624830293,1.2984378170014201,0.9776137828143787,1.228302302206974,0.7202272266179752,0.6590918439948309,0.8658682589261736,0.6593629539460337,0.546794549751064,0.705613807087962,1.8979833926453145,3.5429962880411248,3.7864127282176434,0.3558718861209964,0.2416703261428798,0.30885914807664155,0.11862396204033215,0.08323863636363636,0.12357954545454544,0.0,0.0,0.0,0.11862396204033215,0.059339887640449444,0.06715238764044944,0.11862396204033215,0.09375,0.15625,0.29655990510083036,0.46048882862907253,0.572723933051677,0.05931198102016608,0.0390625,0.0390625,0.0,0.0,0.0,0.29655990510083036,0.4511354261835647,0.5699120975918152,0.8303677342823249,0.757469494226168,0.9254551318273855,0.7117437722419928,0.46859962533097305,0.6074499939118011,0.7117437722419928,0.38238750928946535,0.4753771791659598,0.41518386714116245,0.35452428997175794,0.5971687732725662,1.2455516014234875,1.0724450910234742,1.2671608715330986,1.0083036773428233,0.6631485812464128,0.8529722185213905,0.1779359430604982,0.11942829457364339,0.16664647932816537,1.3048635824436536,0.8336455432677555,1.1522730570307373,0.1779359430604982,0.09395417794404122,0.22492974985777575,1.2455516014234875,1.081799257087922,1.4374622941938162,0.1779359430604982,0.19586374695863745,0.20316301703163014,0.4744958481613286,1.0011022211469784,1.1449466170134328,0.0,0.0,0.0,1.1862396204033214,0.9496405724117706,1.2313375197347043,0.2372479240806643,0.16429794520547947,0.2529965753424657,0.41518386714116245,0.28228512549883933,0.44094739706088176
0.8318117265165348,0.7398519554535536,0.8895881702126753,0.33475349969567864,0.3015915773975154,0.3946027062608055,0.6796510448366808,0.4835535046294675,0.5651009289936046,0.4564820450395618,0.3720730999332361,0.5026362838656118,0.3854737269222966,0.31096477053251437,0.3846256838157007,0.44633799959423814,0.32331970835371643,0.4199197078146161,0.49705822682085615,0.4177958544559649,0.511381341921192,0.5477784540474742,0.398066175785564,0.49069887755532754,0.4159058632582674,0.4616833385833997,0.6129856604350128,0.5680665449381214,0.49309023361735804,0.5582212074153371,0.4564820450395618,0.3667818100961825,0.4849749936938823,1.0651247717589776,0.8979728570812952,1.1857420913293637,0.35504159058632584,0.2809184028242579,0.35762383309839724,0.8115236356258876,0.6786461817953574,0.8397698630690824,0.7303712720632989,0.5725252740528844,0.710800240403999,0.33475349969567864,0.25670761128031505,0.35636216933449744,0.5477784540474742,0.6121797588603769,0.7660003239119646,0.375329681476973,0.2585616373474788,0.3463284151556293,0.43619395414891454,0.377692760175105,0.5219719935345466,0.852099817407182,0.7214421778931028,1.0145271781226377,0.375329681476973,0.3012501636332262,0.40590936374455716,0.5984986812740921,0.46927369643125805,0.5777116946212922,0.5173463177115033,0.39888510854553405,0.48789578624830293,1.2984378170014201,0.9776137828143787,1.228302302206974,0.7202272266179752,0.6590918439948309,0.8658682589261736,0.6593629539460337,0.546794549751064,0.705613807087962,1.9607843137254901,2.323725172356004,2.8409990580375974,0.6535947712418301,0.5879629629629629,0.6712962962962963,0.0,0.0,0.0,0.0,0.0,0.0,0.0,0.0,0.0,0.32679738562091504,0.7692307692307693,0.9615384615384616,0.6535947712418301,0.9416445623342176,1.177055702917772,0.0,0.0,0.0,0.0,0.0,0.0,0.32679738562091504,0.125,0.20833333333333334,0.6535947712418301,0.3419053185271771,0.4273816481589714,1.3071895424836601,0.5535714285714286,1.2797619047619047,0.32679738562091504,0.1724137931034483,0.21551724137931033,0.6535947712418301,0.7941176470588236,0.9926470588235293,0.6535947712418301,0.41911764705882354,0.5759803921568628,0.0,0.0,0.0,0.0,0.0,0.0,1.3071895424836601,0.6068401937046005,0.9892050040355125,0.32679738562091504,0.1724137931034483,0.21551724137931033,0.9803921568627451,0.7678571428571429,1.1904761904761905,0.6535947712418301,0.26785714285714285,0.5654761904761905,0.0,0.0,0.0,0.0,0.0,0.0,1.9607843137254901,2.1519575887721456,2.742030319298515,1.3071895424836601,0.6513317191283293,0.9927360774818402,0.32679738562091504,0.5000000000000001,0.625
0.8318117265165348,0.7398519554535536,0.8895881702126753,0.33475349969567864,0.3015915773975154,0.3946027062608055,0.6796510448366808,0.4835535046294675,0.5651009289936046,0.4564820450395618,0.3720730999332361,0.5026362838656118,0.3854737269222966,0.31096477053251437,0.3846256838157007,0.44633799959423814,0.32331970835371643,0.4199197078146161,0.49705822682085615,0.4177958544559649,0.511381341921192,0.5477784540474742,0.398066175785564,0.49069887755532754,0.4159058632582674,0.4616833385833997,0.6129856604350128,0.5680665449381214,0.49309023361735804,0.5582212074153371,0.4564820450395618,0.3667818100961825,0.4849749936938823,1.0651247717589776,0.8979728570812952,1.1857420913293637,0.35504159058632584,0.2809184028242579,0.35762383309839724,0.8115236356258876,0.6786461817953574,0.8397698630690824,0.7303712720632989,0.5725252740528844,0.710800240403999,0.33475349969567864,0.25670761128031505,0.35636216933449744,0.5477784540474742,0.6121797588603769,0.7660003239119646,0.375329681476973,0.2585616373474788,0.3463284151556293,0.43619395414891454,0.377692760175105,0.5219719935345466,0.852099817407182,0.7214421778931028,1.0145271781226377,0.375329681476973,0.3012501636332262,0.40590936374455716,0.5984986812740921,0.46927369643125805,0.5777116946212922,0.5173463177115033,0.39888510854553405,0.48789578624830293,1.2984378170014201,0.9776137828143787,1.228302302206974,0.7202272266179752,0.6590918439948309,0.8658682589261736,0.6593629539460337,0.546794549751064,0.705613807087962,1.5625,0.6451612903225805,1.075268817204301,0.0,0.0,0.0,0.0,0.0,0.0,0.0,0.0,0.0,0.0,0.0,0.0,0.0,0.0,0.0,1.5625,0.45977011494252873,1.1494252873563218,0.0,0.0,0.0,0.0,0.0,0.0,0.0,0.0,0.0,0.0,0.0,0.0,0.0,0.0,0.0,0.0,0.0,0.0,0.0,0.0,0.0,0.0,0.0,0.0,0.0,0.0,0.0,3.125,1.290322580645161,2.150537634408602,0.0,0.0,0.0,0.0,0.0,0.0,1.5625,0.6451612903225805,1.075268817204301,1.5625,0.6451612903225805,1.075268817204301,0.0,0.0,0.0,0.0,0.0,0.0,0.0,0.0,0.0,0.0,0.0,0.0,0.0,0.0,0.0
0.8318117265165348,0.7398519554535536,0.8895881702126753,0.33475349969567864,0.3015915773975154,0.3946027062608055,0.6796510448366808,0.4835535046294675,0.5651009289936046,0.4564820450395618,0.3720730999332361,0.5026362838656118,0.3854737269222966,0.31096477053251437,0.3846256838157007,0.44633799959423814,0.32331970835371643,0.4199197078146161,0.49705822682085615,0.4177958544559649,0.511381341921192,0.5477784540474742,0.398066175785564,0.49069887755532754,0.4159058632582674,0.4616833385833997,0.6129856604350128,0.5680665449381214,0.49309023361735804,0.5582212074153371,0.4564820450395618,0.3667818100961825,0.4849749936938823,1.0651247717589776,0.8979728570812952,1.1857420913293637,0.35504159058632584,0.2809184028242579,0.35762383309839724,0.8115236356258876,0.6786461817953574,0.8397698630690824,0.7303712720632989,0.5725252740528844,0.710800240403999,0.33475349969567864,0.25670761128031505,0.35636216933449744,0.5477784540474742,0.6121797588603769,0.7660003239119646,0.375329681476973,0.2585616373474788,0.3463284151556293,0.43619395414891454,0.377692760175105,0.5219719935345466,0.852099817407182,0.7214421778931028,1.0145271781226377,0.375329681476973,0.3012501636332262,0.40590936374455716,0.5984986812740921,0.46927369643125805,0.5777116946212922,0.5173463177115033,0.39888510854553405,0.48789578624830293,1.2984378170014201,0.9776137828143787,1.228302302206974,0.7202272266179752,0.6590918439948309,0.8658682589261736,0.6593629539460337,0.546794549751064,0.705613807087962,3.2388663967611335,2.754030974091764,3.093105611038742,0.0,0.0,0.0,2.0242914979757085,1.797643043779662,2.0948399367212356,0.0,0.0,0.0,0.0,0.0,0.0,0.0,0.0,0.0,0.4048582995951417,0.19047619047619047,0.31746031746031744,1.214574898785425,1.0890143291359098,1.2592270950933566,0.0,0.0,0.0,0.0,0.0,0.0,0.0,0.0,0.0,0.4048582995951417,0.3404255319148936,0.425531914893617,0.0,0.0,0.0,0.8097165991902834,1.0526315789473684,1.0526315789473684,0.0,0.0,0.0,0.0,0.0,0.0,1.214574898785425,1.1167919799498747,1.2437761069340016,0.0,0.0,0.0,0.0,0.0,0.0,0.8097165991902834,0.8081632653061225,0.8081632653061225,0.4048582995951417,0.3404255319148936,0.425531914893617,0.8097165991902834,0.7404255319148937,0.825531914893617,0.4048582995951417,0.4,0.4,0.4048582995951417,0.19047619047619047,0.31746031746031744,0.4048582995951417,0.3404255319148936,0.425531914893617,0.0,0.0,0.0
0.8318117265165348,0.7398519554535536,0.8895881702126753,0.33475349969567864,0.3015915773975154,0.3946027062608055,0.6796510448366808,0.4835535046294675,0.5651009289936046,0.4564820450395618,0.3720730999332361,0.5026362838656118,0.3854737269222966,0.31096477053251437,0.3846256838157007,0.44633799959423814,0.32331970835371643,0.4199197078146161,0.49705822682085615,0.4177958544559649,0.511381341921192,0.5477784540474742,0.398066175785564,0.49069887755532754,0.4159058632582674,0.4616833385833997,0.6129856604350128,0.5680665449381214,0.49309023361735804,0.5582212074153371,0.4564820450395618,0.3667818100961825,0.4849749936938823,1.0651247717589776,0.8979728570812952,1.1857420913293637,0.35504159058632584,0.2809184028242579,0.35762383309839724,0.8115236356258876,0.6786461817953574,0.8397698630690824,0.7303712720632989,0.5725252740528844,0.710800240403999,0.33475349969567864,0.25670761128031505,0.35636216933449744,0.5477784540474742,0.6121797588603769,0.7660003239119646,0.375329681476973,0.2585616373474788,0.3463284151556293,0.43619395414891454,0.377692760175105,0.5219719935345466,0.852099817407182,0.7214421778931028,1.0145271781226377,0.375329681476973,0.3012501636332262,0.40590936374455716,0.5984986812740921,0.46927369643125805,0.5777116946212922,0.5173463177115033,0.39888510854553405,0.48789578624830293,1.2984378170014201,0.9776137828143787,1.228302302206974,0.7202272266179752,0.6590918439948309,0.8658682589261736,0.6593629539460337,0.546794549751064,0.705613807087962,1.8648018648018647,2.9797053219533844,3.026216949860361,0.4662004662004662,1.2345679012345678,1.2345679012345678,0.6993006993006993,0.43770842995649195,0.48422005786346867,0.0,0.0,0.0,0.0,0.0,0.0,0.0,0.0,0.0,0.4662004662004662,0.5833333333333334,0.6666666666666666,0.4662004662004662,0.2564102564102564,0.2564102564102564,0.2331002331002331,0.1282051282051282,0.1282051282051282,2.097902097902098,1.6976430976430978,1.6976430976430978,0.2331002331002331,0.22727272727272727,0.22727272727272727,0.6993006993006993,1.6944444444444442,1.7777777777777775,0.2331002331002331,0.3333333333333333,0.4166666666666667,0.2331002331002331,0.2631578947368421,0.2631578947368421,0.0,0.0,0.0,0.0,0.0,0.0,0.0,0.0,0.0,0.0,0.0,0.0,0.2331002331002331,0.2,0.2,0.2331002331002331,0.1282051282051282,0.1282051282051282,0.2331002331002331,0.12345679012345678,0.12345679012345678,0.6993006993006993,0.38461538461538464,0.38461538461538464,0.2331002331002331,0.1282051282051282,0.1282051282051282,0.2331002331002331,0.1282051282051282,0.1282051282051282,0.0,0.0,0.0,0.0,0.0,0.0
0.8318117265165348,0.7398519554535536,0.8895881702126753,0.33475349969567864,0.3015915773975154,0.3946027062608055,0.6796510448366808,0.4835535046294675,0.5651009289936046,0.4564820450395618,0.3720730999332361,0.5026362838656118,0.3854737269222966,0.31096477053251437,0.3846256838157007,0.44633799959423814,0.32331970835371643,0.4199197078146161,0.49705822682085615,0.4177958544559649,0.511381341921192,0.5477784540474742,0.398066175785564,0.49069887755532754,0.4159058632582674,0.4616833385833997,0.6129856604350128,0.5680665449381214,0.49309023361735804,0.5582212074153371,0.4564820450395618,0.3667818100961825,0.4849749936938823,1.0651247717589776,0.8979728570812952,1.1857420913293637,0.35504159058632584,0.2809184028242579,0.35762383309839724,0.8115236356258876,0.6786461817953574,0.8397698630690824,0.7303712720632989,0.5725252740528844,0.710800240403999,0.33475349969567864,0.25670761128031505,0.35636216933449744,0.5477784540474742,0.6121797588603769,0.7660003239119646,0.375329681476973,0.2585616373474788,0.3463284151556293,0.43619395414891454,0.377692760175105,0.5219719935345466,0.852099817407182,0.7214421778931028,1.0145271781226377,0.375329681476973,0.3012501636332262,0.40590936374455716,0.5984986812740921,0.46927369643125805,0.5777116946212922,0.5173463177115033,0.39888510854553405,0.48789578624830293,1.2984378170014201,0.9776137828143787,1.228302302206974,0.7202272266179752,0.6590918439948309,0.8658682589261736,0.6593629539460337,0.546794549751064,0.705613807087962,1.2987012987012987,1.021450459652707,1.4172625127681309,1.2987012987012987,1.021450459652707,1.4172625127681309,0.0,0.0,0.0,1.948051948051948,0.33707865168539325,0.8426966292134831,0.0,0.0,0.0,0.0,0.0,0.0,0.0,0.0,0.0,0.0,0.0,0.0,0.6493506493506493,0.11235955056179776,0.2808988764044944,0.0,0.0,0.0,0.6493506493506493,0.11235955056179776,0.2808988764044944,1.2987012987012987,2.0995670995671,2.326839826839827,1.948051948051948,0.33707865168539325,0.8426966292134831,0.0,0.0,0.0,0.6493506493506493,0.11235955056179776,0.2808988764044944,0.0,0.0,0.0,0.6493506493506493,0.9090909090909092,1.1363636363636365,0.0,0.0,0.0,0.6493506493506493,0.11235955056179776,0.2808988764044944,1.948051948051948,1.9305413687436161,2.5536261491317673,0.6493506493506493,0.11235955056179776,0.2808988764044944,0.0,0.0,0.0,0.0,0.0,0.0,1.948051948051948,1.1338100102145048,1.698161389172625,1.2987012987012987,1.8181818181818183,2.272727272727273,1.2987012987012987,1.021450459652707,1.4172625127681309
0.8318117265165348,0.7398519554535536,0.8895881702126753,0.33475349969567864,0.3015915773975154,0.3946027062608055,0.6796510448366808,0.4835535046294675,0.5651009289936046,0.4564820450395618,0.3720730999332361,0.5026362838656118,0.3854737269222966,0.31096477053251437,0.3846256838157007,0.44633799959423814,0.32331970835371643,0.4199197078146161,0.49705822682085615,0.4177958544559649,0.511381341921192,0.5477784540474742,0.398066175785564,0.49069887755532754,0.4159058632582674,0.4616833385833997,0.6129856604350128,0.5680665449381214,0.49309023361735804,0.5582212074153371,0.4564820450395618,0.3667818100961825,0.4849749936938823,1.0651247717589776,0.8979728570812952,1.1857420913293637,0.35504159058632584,0.2809184028242579,0.35762383309839724,0.8115236356258876,0.6786461817953574,0.8397698630690824,0.7303712720632989,0.5725252740528844,0.710800240403999,0.33475349969567864,0.25670761128031505,0.35636216933449744,0.5477784540474742,0.6121797588603769,0.7660003239119646,0.375329681476973,0.2585616373474788,0.3463284151556293,0.43619395414891454,0.377692760175105,0.5219719935345466,0.852099817407182,0.7214421778931028,1.0145271781226377,0.375329681476973,0.3012501636332262,0.40590936374455716,0.5984986812740921,0.46927369643125805,0.5777116946212922,0.5173463177115033,0.39888510854553405,0.48789578624830293,1.2984378170014201,0.9776137828143787,1.228302302206974,0.7202272266179752,0.6590918439948309,0.8658682589261736,0.6593629539460337,0.546794549751064,0.705613807087962,0.9302325581395349,0.6844201095072174,0.6844201095072174,0.0,0.0,0.0,0.0,0.0,0.0,0.46511627906976744,0.17421602787456447,0.17421602787456447,0.0,0.0,0.0,0.0,0.0,0.0,1.3953488372093024,1.3153176298056595,1.3153176298056595,0.46511627906976744,0.43956043956043955,0.5494505494505495,0.46511627906976744,0.5102040816326531,0.5102040816326531,0.46511627906976744,0.6802721088435374,0.6802721088435374,0.0,0.0,0.0,0.9302325581395349,0.635045520962122,0.635045520962122,0.0,0.0,0.0,0.0,0.0,0.0,0.9302325581395349,0.635045520962122,0.635045520962122,0.0,0.0,0.0,0.0,0.0,0.0,0.0,0.0,0.0,0.0,0.0,0.0,0.0,0.0,0.0,0.0,0.0,0.0,0.0,0.0,0.0,0.9302325581395349,0.9497645211930926,1.0596546310832025,0.46511627906976744,0.4608294930875576,0.4608294930875576,1.3953488372093024,1.3153176298056595,1.3153176298056595,0.0,0.0,0.0
0.8318117265165348,0.7398519554535536,0.8895881702126753,0.33475349969567864,0.3015915773975154,0.3946027062608055,0.6796510448366808,0.4835535046294675,0.5651009289936046,0.4564820450395618,0.3720730999332361,0.5026362838656118,0.3854737269222966,0.31096477053251437,0.3846256838157007,0.44633799959423814,0.32331970835371643,0.4199197078146161,0.49705822682085615,0.4177958544559649,0.511381341921192,0.5477784540474742,0.398066175785564,0.49069887755532754,0.4159058632582674,0.4616833385833997,0.6129856604350128,0.5680665449381214,0.49309023361735804,0.5582212074153371,0.4564820450395618,0.3667818100961825,0.4849749936938823,1.0651247717589776,0.8979728570812952,1.1857420913293637,0.35504159058632584,0.2809184028242579,0.35762383309839724,0.8115236356258876,0.6786461817953574,0.8397698630690824,0.7303712720632989,0.5725252740528844,0.710800240403999,0.33475349969567864,0.25670761128031505,0.35636216933449744,0.5477784540474742,0.6121797588603769,0.7660003239119646,0.375329681476973,0.2585616373474788,0.3463284151556293,0.43619395414891454,0.377692760175105,0.5219719935345466,0.852099817407182,0.7214421778931028,1.0145271781226377,0.375329681476973,0.3012501636332262,0.40590936374455716,0.5984986812740921,0.46927369643125805,0.5777116946212922,0.5173463177115033,0.39888510854553405,0.48789578624830293,1.2984378170014201,0.9776137828143787,1.228302302206974,0.7202272266179752,0.6590918439948309,0.8658682589261736,0.6593629539460337,0.546794549751064,0.705613807087962,4.2682926829268295,2.9992346642592946,4.131663811466766,0.0,0.0,0.0,0.0,0.0,0.0,0.0,0.0,0.0,0.0,0.0,0.0,0.0,0.0,0.0,0.6097560975609756,0.7407407407407407,0.7407407407407407,0.0,0.0,0.0,0.0,0.0,0.0,0.0,0.0,0.0,0.0,0.0,0.0,0.6097560975609756,0.3636363636363637,0.45454545454545453,1.8292682926829267,2.1710437710437716,2.5286195286195285,0.0,0.0,0.0,1.8292682926829267,1.5181702078253803,1.8849413676999882,0.6097560975609756,0.41379310344827586,0.6896551724137931,0.0,0.0,0.0,1.8292682926829267,0.6901669758812616,1.2708719851576993,0.0,0.0,0.0,3.048780487804878,1.4174397031539887,2.1799628942486082,0.0,0.0,0.0,0.0,0.0,0.0,0.0,0.0,0.0,5.487804878048781,4.254408025836598,5.949151377722807,0.0,0.0,0.0,0.0,0.0,0.0
0.8318117265165348,0.7398519554535536,0.8895881702126753,0.33475349969567864,0.3015915773975154,0.3946027062608055,0.6796510448366808,0.4835535046294675,0.5651009289936046,0.4564820450395618,0.3720730999332361,0.5026362838656118,0.3854737269222966,0.31096477053251437,0.3846256838157007,0.44633799959423814,0.32331970835371643,0.4199197078146161,0.49705822682085615,0.4177958544559649,0.511381341921192,0.5477784540474742,0.398066175785564,0.49069887755532754,0.4159058632582674,0.4616833385833997,0.6129856604350128,0.5680665449381214,0.49309023361735804,0.5582212074153371,0.4564820450395618,0.3667818100961825,0.4849749936938823,1.0651247717589776,0.8979728570812952,1.1857420913293637,0.35504159058632584,0.2809184028242579,0.35762383309839724,0.8115236356258876,0.6786461817953574,0.8397698630690824,0.7303712720632989,0.5725252740528844,0.710800240403999,0.33475349969567864,0.25670761128031505,0.35636216933449744,0.5477784540474742,0.6121797588603769,0.7660003239119646,0.375329681476973,0.2585616373474788,0.3463284151556293,0.43619395414891454,0.377692760175105,0.5219719935345466,0.852099817407182,0.7214421778931028,1.0145271781226377,0.375329681476973,0.3012501636332262,0.40590936374455716,0.5984986812740921,0.46927369643125805,0.5777116946212922,0.5173463177115033,0.39888510854553405,0.48789578624830293,1.2984378170014201,0.9776137828143787,1.228302302206974,0.7202272266179752,0.6590918439948309,0.8658682589261736,0.6593629539460337,0.546794549751064,0.705613807087962,2.0325203252032518,2.1815911933697056,2.2120789982477547,0.0,0.0,0.0,0.0,0.0,0.0,0.0,0.0,0.0,0.0,0.0,0.0,0.0,0.0,0.0,0.20325203252032523,0.3205128205128205,0.3205128205128205,0.0,0.0,0.0,0.0,0.0,0.0,0.20325203252032523,0.20491803278688525,0.20491803278688525,0.6097560975609756,0.42421627840092035,0.42421627840092035,1.2195121951219512,0.694801026957638,0.7862644415917843,0.40650406504065045,0.2955623306233062,0.32605013550135503,0.0,0.0,0.0,1.4227642276422763,2.1101072397603877,2.1101072397603877,0.0,0.0,0.0,0.20325203252032523,0.20491803278688525,0.20491803278688525,0.6097560975609756,0.4365183751060979,0.46700617998414673,0.6097560975609756,0.4365183751060979,0.46700617998414673,1.2195121951219512,0.9880790008557981,1.1100302203679933,0.0,0.0,0.0,0.0,0.0,0.0,0.20325203252032523,0.10964912280701754,0.10964912280701754,3.048780487804878,3.032915340962871,3.0634031458409194,0.6097560975609756,0.4261048190095491,0.4261048190095491,0.0,0.0,0.0
